5.000000000000000104e-03 1.000000000000000021e-03
1.499999999999999944e-02 1.000000000000000021e-03
2.500000000000000139e-02 2.000000000000000042e-03
3.500000000000000333e-02 5.000000000000000104e-03
4.499999999999999833e-02 5.000000000000000104e-03
5.500000000000000028e-02 7.000000000000000146e-03
6.500000000000000222e-02 7.000000000000000146e-03
7.500000000000001110e-02 1.400000000000000029e-02
8.499999999999999223e-02 1.600000000000000033e-02
9.500000000000000111e-02 1.099999999999999936e-02
1.050000000000000100e-01 1.799999999999999864e-02
1.149999999999999911e-01 1.600000000000000033e-02
1.250000000000000000e-01 1.400000000000000029e-02
1.350000000000000089e-01 1.499999999999999944e-02
1.450000000000000178e-01 1.200000000000000025e-02
1.549999999999999989e-01 1.700000000000000122e-02
1.650000000000000078e-01 1.499999999999999944e-02
1.749999999999999889e-01 1.499999999999999944e-02
1.849999999999999978e-01 1.700000000000000122e-02
1.950000000000000067e-01 2.100000000000000130e-02
2.050000000000000155e-01 2.000000000000000042e-02
2.149999999999999967e-01 2.400000000000000050e-02
2.250000000000000056e-01 2.900000000000000147e-02
2.349999999999999867e-01 3.799999999999999906e-02
2.449999999999999956e-01 3.799999999999999906e-02
2.550000000000000044e-01 4.599999999999999922e-02
2.650000000000000133e-01 5.299999999999999850e-02
2.750000000000000222e-01 6.700000000000000400e-02
2.850000000000000311e-01 9.299999999999999933e-02
2.949999999999999845e-01 1.059999999999999970e-01
3.049999999999999933e-01 1.350000000000000089e-01
3.150000000000000022e-01 1.739999999999999880e-01
3.250000000000000111e-01 2.210000000000000020e-01
3.350000000000000200e-01 3.270000000000000129e-01
3.449999999999999734e-01 4.709999999999999742e-01
3.549999999999999822e-01 6.480000000000000204e-01
3.649999999999999911e-01 9.669999999999999707e-01
3.750000000000000000e-01 1.296999999999999931e+00
3.850000000000000089e-01 1.764999999999999902e+00
3.950000000000000178e-01 2.390000000000000124e+00
4.050000000000000266e-01 2.963999999999999968e+00
4.149999999999999800e-01 3.612999999999999989e+00
4.249999999999999889e-01 4.131000000000000227e+00
4.349999999999999978e-01 4.509999999999999787e+00
4.450000000000000067e-01 4.881999999999999673e+00
4.550000000000000155e-01 5.035999999999999588e+00
4.649999999999999689e-01 4.932999999999999829e+00
4.749999999999999778e-01 5.203000000000000291e+00
4.849999999999999867e-01 5.320000000000000284e+00
4.949999999999999956e-01 5.442999999999999616e+00
5.050000000000000044e-01 5.405999999999999694e+00
5.150000000000000133e-01 4.974000000000000199e+00
5.250000000000000222e-01 4.793999999999999595e+00
5.350000000000000311e-01 3.918000000000000149e+00
5.450000000000000400e-01 2.749000000000000110e+00
5.550000000000000488e-01 1.717000000000000082e+00
5.649999999999999467e-01 1.078999999999999959e+00
5.749999999999999556e-01 6.740000000000000435e-01
5.849999999999999645e-01 4.139999999999999791e-01
5.949999999999999734e-01 2.819999999999999729e-01
6.049999999999999822e-01 1.749999999999999889e-01
6.149999999999999911e-01 1.380000000000000115e-01
6.250000000000000000e-01 1.019999999999999934e-01
6.350000000000000089e-01 6.700000000000000400e-02
6.450000000000000178e-01 6.400000000000000133e-02
6.550000000000000266e-01 5.000000000000000278e-02
6.650000000000000355e-01 3.899999999999999994e-02
6.750000000000000444e-01 3.400000000000000244e-02
6.850000000000000533e-01 2.000000000000000042e-02
6.949999999999999512e-01 1.499999999999999944e-02
7.049999999999999600e-01 1.099999999999999936e-02
7.149999999999999689e-01 8.999999999999999320e-03
7.249999999999999778e-01 7.000000000000000146e-03
7.349999999999999867e-01 5.000000000000000104e-03
7.449999999999999956e-01 8.999999999999999320e-03
7.550000000000000044e-01 7.000000000000000146e-03
7.650000000000000133e-01 4.000000000000000083e-03
7.750000000000000222e-01 4.000000000000000083e-03
7.850000000000000311e-01 3.000000000000000062e-03
7.950000000000000400e-01 2.000000000000000042e-03
8.050000000000000488e-01 3.000000000000000062e-03
8.149999999999999467e-01 6.000000000000000125e-03
8.249999999999999556e-01 4.000000000000000083e-03
8.349999999999999645e-01 3.000000000000000062e-03
8.449999999999999734e-01 2.000000000000000042e-03
8.549999999999999822e-01 3.000000000000000062e-03
8.649999999999999911e-01 1.000000000000000021e-03
8.750000000000000000e-01 2.000000000000000042e-03
8.850000000000000089e-01 2.000000000000000042e-03
8.950000000000000178e-01 1.000000000000000021e-03
9.050000000000000266e-01 3.000000000000000062e-03
9.150000000000000355e-01 1.000000000000000021e-03
9.250000000000000444e-01 1.000000000000000021e-03
9.350000000000000533e-01 2.000000000000000042e-03
9.449999999999999512e-01 0.000000000000000000e+00
9.549999999999999600e-01 0.000000000000000000e+00
9.649999999999999689e-01 1.000000000000000021e-03
9.749999999999999778e-01 2.000000000000000042e-03
9.849999999999999867e-01 1.000000000000000021e-03
9.949999999999999956e-01 1.000000000000000021e-03
1.004999999999999893e+00 2.000000000000000042e-03
1.015000000000000124e+00 1.000000000000000021e-03
1.024999999999999911e+00 1.000000000000000021e-03
1.035000000000000142e+00 0.000000000000000000e+00
1.044999999999999929e+00 2.000000000000000042e-03
1.055000000000000160e+00 0.000000000000000000e+00
1.064999999999999947e+00 1.000000000000000021e-03
1.075000000000000178e+00 1.000000000000000021e-03
1.084999999999999964e+00 2.000000000000000042e-03
1.095000000000000195e+00 1.000000000000000021e-03
1.104999999999999982e+00 1.000000000000000021e-03
1.115000000000000213e+00 2.000000000000000042e-03
1.125000000000000000e+00 0.000000000000000000e+00
1.134999999999999787e+00 0.000000000000000000e+00
1.145000000000000018e+00 1.000000000000000021e-03
1.154999999999999805e+00 0.000000000000000000e+00
1.165000000000000036e+00 0.000000000000000000e+00
1.174999999999999822e+00 1.000000000000000021e-03
1.185000000000000053e+00 1.000000000000000021e-03
1.194999999999999840e+00 0.000000000000000000e+00
1.205000000000000071e+00 1.000000000000000021e-03
1.214999999999999858e+00 0.000000000000000000e+00
1.225000000000000089e+00 1.000000000000000021e-03
1.234999999999999876e+00 0.000000000000000000e+00
1.245000000000000107e+00 0.000000000000000000e+00
1.254999999999999893e+00 1.000000000000000021e-03
1.265000000000000124e+00 1.000000000000000021e-03
1.274999999999999911e+00 0.000000000000000000e+00
1.285000000000000142e+00 0.000000000000000000e+00
1.294999999999999929e+00 1.000000000000000021e-03
1.305000000000000160e+00 0.000000000000000000e+00
1.314999999999999947e+00 2.000000000000000042e-03
1.325000000000000178e+00 2.000000000000000042e-03
1.334999999999999964e+00 0.000000000000000000e+00
1.345000000000000195e+00 0.000000000000000000e+00
1.354999999999999982e+00 0.000000000000000000e+00
1.365000000000000213e+00 0.000000000000000000e+00
1.375000000000000000e+00 0.000000000000000000e+00
1.384999999999999787e+00 0.000000000000000000e+00
1.395000000000000018e+00 0.000000000000000000e+00
1.404999999999999805e+00 0.000000000000000000e+00
1.415000000000000036e+00 0.000000000000000000e+00
1.424999999999999822e+00 0.000000000000000000e+00
1.435000000000000053e+00 0.000000000000000000e+00
1.444999999999999840e+00 0.000000000000000000e+00
1.455000000000000071e+00 0.000000000000000000e+00
1.464999999999999858e+00 0.000000000000000000e+00
1.475000000000000089e+00 0.000000000000000000e+00
1.484999999999999876e+00 0.000000000000000000e+00
