1.000000000000000021e-02 0.000000000000000000e+00
1.999999999999999695e-02 0.000000000000000000e+00
2.999999999999999889e-02 0.000000000000000000e+00
3.999999999999999389e-02 0.000000000000000000e+00
4.999999999999998890e-02 0.000000000000000000e+00
5.999999999999998390e-02 0.000000000000000000e+00
6.999999999999999278e-02 0.000000000000000000e+00
7.999999999999998779e-02 0.000000000000000000e+00
8.999999999999999667e-02 0.000000000000000000e+00
9.999999999999997780e-02 0.000000000000000000e+00
1.099999999999999867e-01 0.000000000000000000e+00
1.199999999999999956e-01 0.000000000000000000e+00
1.299999999999999767e-01 0.000000000000000000e+00
1.399999999999999856e-01 0.000000000000000000e+00
1.499999999999999667e-01 0.000000000000000000e+00
1.599999999999999756e-01 0.000000000000000000e+00
1.699999999999999845e-01 0.000000000000000000e+00
1.799999999999999933e-01 0.000000000000000000e+00
1.899999999999999745e-01 0.000000000000000000e+00
1.999999999999999556e-01 0.000000000000000000e+00
2.099999999999999645e-01 0.000000000000000000e+00
2.199999999999999734e-01 0.000000000000000000e+00
2.299999999999999822e-01 0.000000000000000000e+00
2.399999999999999634e-01 0.000000000000000000e+00
2.499999999999999445e-01 0.000000000000000000e+00
2.599999999999999534e-01 0.000000000000000000e+00
2.699999999999999623e-01 0.000000000000000000e+00
2.799999999999999711e-01 0.000000000000000000e+00
2.899999999999999800e-01 0.000000000000000000e+00
2.999999999999999334e-01 0.000000000000000000e+00
3.099999999999999423e-01 0.000000000000000000e+00
3.199999999999999512e-01 0.000000000000000000e+00
3.299999999999999600e-01 0.000000000000000000e+00
3.399999999999999689e-01 0.000000000000000000e+00
3.499999999999999778e-01 0.000000000000000000e+00
3.599999999999999312e-01 0.000000000000000000e+00
3.699999999999999400e-01 0.000000000000000000e+00
3.799999999999999489e-01 0.000000000000000000e+00
3.899999999999999578e-01 0.000000000000000000e+00
3.999999999999999112e-01 0.000000000000000000e+00
4.099999999999999201e-01 0.000000000000000000e+00
4.199999999999999289e-01 0.000000000000000000e+00
4.299999999999999378e-01 0.000000000000000000e+00
4.399999999999999467e-01 0.000000000000000000e+00
4.499999999999999556e-01 0.000000000000000000e+00
4.599999999999999645e-01 0.000000000000000000e+00
4.699999999999999178e-01 0.000000000000000000e+00
4.799999999999999267e-01 0.000000000000000000e+00
4.899999999999999356e-01 0.000000000000000000e+00
4.999999999999998890e-01 0.000000000000000000e+00
5.099999999999998979e-01 0.000000000000000000e+00
5.199999999999999067e-01 0.000000000000000000e+00
5.299999999999999156e-01 0.000000000000000000e+00
5.399999999999999245e-01 0.000000000000000000e+00
5.499999999999999334e-01 0.000000000000000000e+00
5.599999999999999423e-01 0.000000000000000000e+00
5.699999999999999512e-01 0.000000000000000000e+00
5.799999999999999600e-01 0.000000000000000000e+00
5.899999999999998579e-01 0.000000000000000000e+00
5.999999999999998668e-01 0.000000000000000000e+00
6.099999999999998757e-01 0.000000000000000000e+00
6.199999999999998845e-01 0.000000000000000000e+00
6.299999999999998934e-01 0.000000000000000000e+00
6.399999999999999023e-01 0.000000000000000000e+00
6.499999999999999112e-01 0.000000000000000000e+00
6.599999999999999201e-01 0.000000000000000000e+00
6.699999999999999289e-01 0.000000000000000000e+00
6.799999999999999378e-01 0.000000000000000000e+00
6.899999999999999467e-01 0.000000000000000000e+00
6.999999999999999556e-01 0.000000000000000000e+00
7.099999999999998535e-01 0.000000000000000000e+00
7.199999999999998623e-01 0.000000000000000000e+00
7.299999999999998712e-01 0.000000000000000000e+00
7.399999999999998801e-01 0.000000000000000000e+00
7.499999999999998890e-01 0.000000000000000000e+00
7.599999999999998979e-01 0.000000000000000000e+00
7.699999999999999067e-01 0.000000000000000000e+00
7.799999999999999156e-01 0.000000000000000000e+00
7.899999999999999245e-01 0.000000000000000000e+00
7.999999999999998224e-01 2.843099059018961317e+00
8.099999999999998312e-01 5.664680039197856232e+00
8.199999999999998401e-01 5.532185571931211854e+00
8.299999999999998490e-01 5.461322726653768278e+00
8.399999999999998579e-01 5.466396754445799644e+00
8.499999999999998668e-01 5.268999509029490547e+00
8.599999999999998757e-01 5.062254274816782917e+00
8.699999999999998845e-01 4.987804233597985970e+00
8.799999999999998934e-01 4.834010459283809347e+00
8.899999999999999023e-01 4.615713030766249503e+00
8.999999999999999112e-01 4.458504087269316685e+00
9.099999999999999201e-01 4.257003641351240653e+00
9.199999999999998179e-01 3.927746804448294604e+00
9.299999999999998268e-01 3.795341925624664992e+00
9.399999999999998357e-01 3.657346647408835416e+00
9.499999999999998446e-01 3.443850334936688462e+00
9.599999999999998535e-01 3.189777806633492752e+00
9.699999999999998623e-01 2.931864053573210782e+00
9.799999999999998712e-01 2.598485191469499522e+00
9.899999999999998801e-01 2.409043106225471575e+00
9.999999999999998890e-01 2.187151220191433154e+00
1.009999999999999787e+00 2.050564949755281141e+00
1.019999999999999574e+00 1.895465326090928659e+00
1.029999999999999805e+00 1.687980134728040538e+00
1.039999999999999591e+00 1.559146213573613826e+00
1.049999999999999822e+00 1.404743599545146493e+00
1.059999999999999609e+00 1.277750993819890546e+00
1.069999999999999840e+00 1.137148012441759004e+00
1.079999999999999627e+00 1.041429755933681367e+00
1.089999999999999858e+00 9.222868445014641425e-01
1.099999999999999645e+00 4.309036917360545837e-01
1.109999999999999876e+00 0.000000000000000000e+00
1.119999999999999662e+00 0.000000000000000000e+00
1.129999999999999893e+00 0.000000000000000000e+00
1.139999999999999680e+00 0.000000000000000000e+00
1.149999999999999911e+00 0.000000000000000000e+00
1.159999999999999698e+00 0.000000000000000000e+00
1.169999999999999929e+00 0.000000000000000000e+00
1.179999999999999716e+00 0.000000000000000000e+00
1.189999999999999503e+00 0.000000000000000000e+00
1.199999999999999734e+00 0.000000000000000000e+00
1.209999999999999520e+00 0.000000000000000000e+00
1.219999999999999751e+00 0.000000000000000000e+00
1.229999999999999538e+00 0.000000000000000000e+00
1.239999999999999769e+00 0.000000000000000000e+00
1.249999999999999556e+00 0.000000000000000000e+00
1.259999999999999787e+00 0.000000000000000000e+00
1.269999999999999574e+00 0.000000000000000000e+00
1.279999999999999805e+00 0.000000000000000000e+00
1.289999999999999591e+00 0.000000000000000000e+00
1.299999999999999822e+00 0.000000000000000000e+00
1.309999999999999609e+00 0.000000000000000000e+00
1.319999999999999840e+00 0.000000000000000000e+00
1.329999999999999627e+00 0.000000000000000000e+00
1.339999999999999858e+00 0.000000000000000000e+00
1.349999999999999645e+00 0.000000000000000000e+00
1.359999999999999876e+00 0.000000000000000000e+00
1.369999999999999662e+00 0.000000000000000000e+00
1.379999999999999893e+00 0.000000000000000000e+00
1.389999999999999680e+00 0.000000000000000000e+00
1.399999999999999467e+00 0.000000000000000000e+00
1.409999999999999698e+00 0.000000000000000000e+00
1.419999999999999485e+00 0.000000000000000000e+00
1.429999999999999716e+00 0.000000000000000000e+00
1.439999999999999503e+00 0.000000000000000000e+00
1.449999999999999734e+00 0.000000000000000000e+00
1.459999999999999520e+00 0.000000000000000000e+00
1.469999999999999751e+00 0.000000000000000000e+00
1.479999999999999538e+00 0.000000000000000000e+00
